<?xml version="1.0"?>
<opencv_storage>
<left_intrinsic type_id="opencv-matrix">
  <rows>3</rows>
  <cols>3</cols>
  <dt>d</dt>
  <data>
    1.2678790846565918e+04 0. 4.3491170129140085e+02 0.
    1.1393590607953232e+04 1.2653473763022278e+02 0. 0. 1.</data></left_intrinsic>
<left_coeffs type_id="opencv-matrix">
  <rows>1</rows>
  <cols>5</cols>
  <dt>d</dt>
  <data>
    2.8141439291627986e+01 -2.3709584612551846e+00
    1.3868550831297127e-01 9.0507788672841677e-02
    -2.0791960334845625e-03</data></left_coeffs>
<right_intrinsic type_id="opencv-matrix">
  <rows>3</rows>
  <cols>3</cols>
  <dt>d</dt>
  <data>
    9.0775859162870063e+02 0. 3.6253319022970601e+02 0.
    9.0636267922337277e+02 1.6772237524123156e+02 0. 0. 1.</data></right_intrinsic>
<right_coeffs type_id="opencv-matrix">
  <rows>1</rows>
  <cols>5</cols>
  <dt>d</dt>
  <data>
    1.0968943003913238e-01 7.5208471349947636e-01
    -4.7025107985678863e-03 6.4762097669078924e-03
    -4.8042388930287148e+00</data></right_coeffs>
<rotation type_id="opencv-matrix">
  <rows>3</rows>
  <cols>3</cols>
  <dt>d</dt>
  <data>
    9.3441842250924079e-01 -1.1594926250726641e-02
    3.5598843992548707e-01 -4.1740997130569314e-02
    9.8901811481993662e-01 1.4177749368840020e-01
    -3.5372291533612538e-01 -1.4733881444907437e-01
    9.2367276289974765e-01</data></rotation>
<transform type_id="opencv-matrix">
  <rows>3</rows>
  <cols>1</cols>
  <dt>d</dt>
  <data>
    -3.0731097200648088e+00 -1.2096178346980397e+00
    -7.1938526239148839e+00</data></transform>
<r1 type_id="opencv-matrix">
  <rows>3</rows>
  <cols>3</cols>
  <dt>d</dt>
  <data>
    3.4924050212421703e-02 1.2730073303435965e-02 9.9930888915812677e-01
    -8.5752508201936958e-02 9.9626930337838626e-01
    -9.6944563035418416e-03 -9.9570418200077715e-01
    -8.5354674035073741e-02 3.5885394891645328e-02</data></r1>
<r2 type_id="opencv-matrix">
  <rows>3</rows>
  <cols>3</cols>
  <dt>d</dt>
  <data>
    3.8822848410107724e-01 1.5281201814575757e-01 9.0880533187410384e-01
    -9.5131506914223465e-02 9.8753332776167158e-01
    -1.2541101607190566e-01 -9.1663986413684218e-01
    -3.7767892053692693e-02 3.9792580439701569e-01</data></r2>
<p1 type_id="opencv-matrix">
  <rows>3</rows>
  <cols>4</cols>
  <dt>d</dt>
  <data>
    6.1499766435883030e+03 0. -1.1662415356445313e+05 0. 0.
    6.1499766435883030e+03 8.6061367797851563e+02 0. 0. 0. 1. 0.</data></p1>
<p2 type_id="opencv-matrix">
  <rows>3</rows>
  <cols>4</cols>
  <dt>d</dt>
  <data>
    6.1499766435883030e+03 0. -1.1662415356445313e+05
    -4.8681520742466077e+04 0. 6.1499766435883030e+03
    8.6061367797851563e+02 0. 0. 0. 1. 0.</data></p2>
<q type_id="opencv-matrix">
  <rows>4</rows>
  <cols>4</cols>
  <dt>d</dt>
  <data>
    1. 0. 0. 1.1662415356445313e+05 0. 1. 0. -8.6061367797851563e+02 0.
    0. 0. 6.1499766435883030e+03 0. 0. 1.2633082430030845e-01 0.</data></q>
</opencv_storage>
