<?xml version="1.0"?>
<opencv_storage>
<left_intrinsic type_id="opencv-matrix">
  <rows>3</rows>
  <cols>3</cols>
  <dt>d</dt>
  <data>
    6.4220170956275695e+02 1.5198073867959301e+00 3.5200240058320497e+02
    0. 6.4388911536079104e+02 2.2732113196861201e+02 0. 0. 1.</data></left_intrinsic>
<left_coeffs type_id="opencv-matrix">
  <rows>1</rows>
  <cols>5</cols>
  <dt>d</dt>
  <data>
    4.4199063673353398e-02 -1.5241357539216399e-02
    7.2916633734966703e-04 -3.2215475762978900e-03 0.</data></left_coeffs>
<right_intrinsic type_id="opencv-matrix">
  <rows>3</rows>
  <cols>3</cols>
  <dt>d</dt>
  <data>
    6.4251413313965497e+02 2.3155614102920099e+00 3.4393989171516500e+02
    0. 6.4413293630068699e+02 2.1528725686793601e+02 0. 0. 1.</data></right_intrinsic>
<right_coeffs type_id="opencv-matrix">
  <rows>1</rows>
  <cols>5</cols>
  <dt>d</dt>
  <data>
    7.9675452846838093e-02 -2.1105154240403801e-01
    -3.9201884860515598e-04 -5.3439946086122998e-03 0.</data></right_coeffs>
<rotation type_id="opencv-matrix">
  <rows>3</rows>
  <cols>3</cols>
  <dt>d</dt>
  <data>
    9.9960348420261802e-01 -2.2665324301310401e-02
    -1.6708005395736698e-02 2.3898254512469699e-02
    9.9668897230180198e-01 7.7717217675594905e-02 1.4891198784676899e-02
    -7.8085693736400896e-02 9.9683543106796701e-01</data></rotation>
<transform type_id="opencv-matrix">
  <rows>3</rows>
  <cols>1</cols>
  <dt>d</dt>
  <data>
    -8.2680142385578094e+01 -2.7429273100191501e-02
    -2.7863011994844200e+00</data></transform>
<r1 type_id="opencv-matrix">
  <rows>3</rows>
  <cols>3</cols>
  <dt>d</dt>
  <data>
    9.9954576935573469e-01 -2.4951974459572406e-02
    1.6901299761305288e-02 2.4277636081069219e-02 9.9894452028607128e-01
    3.8992842634847945e-02 -1.7856409195799033e-02
    -3.8564807285914146e-02 9.9909654402847015e-01</data></r1>
<r2 type_id="opencv-matrix">
  <rows>3</rows>
  <cols>3</cols>
  <dt>d</dt>
  <data>
    9.9943259125345563e-01 3.3156340446308000e-04 3.3680641414797152e-02
    9.7511547840140099e-04 9.9924759567530985e-01
    -3.8772305669333602e-02 -3.3668155432204909e-02
    3.8783148438739187e-02 9.9868029053695251e-01</data></r2>
<p1 type_id="opencv-matrix">
  <rows>3</rows>
  <cols>4</cols>
  <dt>d</dt>
  <data>
    6.4401102583073907e+02 0. 3.2547307968139648e+02 0. 0.
    6.4401102583073907e+02 2.2149656677246094e+02 0. 0. 0. 1. 0.</data></p1>
<p2 type_id="opencv-matrix">
  <rows>3</rows>
  <cols>4</cols>
  <dt>d</dt>
  <data>
    6.4401102583073907e+02 0. 3.2547307968139648e+02
    -5.3277153236305006e+04 0. 6.4401102583073907e+02
    2.2149656677246094e+02 0. 0. 0. 1. 0.</data></p2>
<q type_id="opencv-matrix">
  <rows>4</rows>
  <cols>4</cols>
  <dt>d</dt>
  <data>
    1. 0. 0. -3.2547307968139648e+02 0. 1. 0. -2.2149656677246094e+02 0.
    0. 0. 6.4401102583073907e+02 0. 0. 1.2087939889999346e-02 0.</data></q>
</opencv_storage>
