<?xml version="1.0"?>
<opencv_storage>
<left_intrinsic type_id="opencv-matrix">
  <rows>3</rows>
  <cols>3</cols>
  <dt>d</dt>
  <data>
    5.4133636089951199e+02 3.2341927708467300e-01 3.5576725569451003e+02
    0. 5.4231477898727303e+02 2.3478020717846900e+02 0. 0. 1.</data></left_intrinsic>
<left_coeffs type_id="opencv-matrix">
  <rows>1</rows>
  <cols>5</cols>
  <dt>d</dt>
  <data>
    3.0299891987833699e-02 -1.1236283451191200e-02
    2.7656057072368602e-03 -4.0488863928330003e-03 0.</data></left_coeffs>
<right_intrinsic type_id="opencv-matrix">
  <rows>3</rows>
  <cols>3</cols>
  <dt>d</dt>
  <data>
    5.4137401352118002e+02 1.3752398501066800e+00 3.4436633605784101e+02
    0. 5.4321918698319803e+02 2.3624605408174099e+02 0. 0. 1.</data></right_intrinsic>
<right_coeffs type_id="opencv-matrix">
  <rows>1</rows>
  <cols>5</cols>
  <dt>d</dt>
  <data>
    5.4577046959690199e-02 -1.1994839129474200e-01
    2.2220990648968799e-03 -6.6115578617792197e-03 0.</data></right_coeffs>
<rotation type_id="opencv-matrix">
  <rows>3</rows>
  <cols>3</cols>
  <dt>d</dt>
  <data>
    9.9963451436419104e-01 -2.3167604185335901e-02
    -1.3931970721307300e-02 2.4058292434195501e-02
    9.9742343362887498e-01 6.7584706947180204e-02 1.2330298334529101e-02
    -6.7895185133388505e-02 9.9761626268755499e-01</data></rotation>
<transform type_id="opencv-matrix">
  <rows>3</rows>
  <cols>1</cols>
  <dt>d</dt>
  <data>
    -8.2643657987042104e+01 8.2481671565057896e-02
    -2.6242180742736601e+00</data></transform>
<r1 type_id="opencv-matrix">
  <rows>3</rows>
  <cols>3</cols>
  <dt>d</dt>
  <data>
    9.9949777529578232e-01 -2.6305704857996517e-02
    1.7669382295535253e-02 2.5695273049493841e-02 9.9909388484143336e-01
    3.3928781519012428e-02 -1.8545892313225319e-02
    -3.3457722044049898e-02 9.9926804747971876e-01</data></r1>
<r2 type_id="opencv-matrix">
  <rows>3</rows>
  <cols>3</cols>
  <dt>d</dt>
  <data>
    9.9949574405705011e-01 -9.9753667371542008e-04
    3.1737399585162626e-02 2.0665753375575823e-03 9.9943090428539272e-01
    -3.3668929677918402e-02 -3.1685751974947426e-02
    3.3717539647296464e-02 9.9892899679702718e-01</data></r2>
<p1 type_id="opencv-matrix">
  <rows>3</rows>
  <cols>4</cols>
  <dt>d</dt>
  <data>
    5.4276698298523547e+02 0. 3.2869713973999023e+02 0. 0.
    5.4276698298523547e+02 2.3716382598876953e+02 0. 0. 0. 1. 0.</data></p1>
<p2 type_id="opencv-matrix">
  <rows>3</rows>
  <cols>4</cols>
  <dt>d</dt>
  <data>
    5.4276698298523547e+02 0. 3.2869713973999023e+02
    -4.4878879350115727e+04 0. 5.4276698298523547e+02
    2.3716382598876953e+02 0. 0. 0. 1. 0.</data></p2>
<q type_id="opencv-matrix">
  <rows>4</rows>
  <cols>4</cols>
  <dt>d</dt>
  <data>
    1. 0. 0. -3.2869713973999023e+02 0. 1. 0. -2.3716382598876953e+02 0.
    0. 0. 5.4276698298523547e+02 0. 0. 1.2094040467252352e-02 0.</data></q>
</opencv_storage>
